              precision    recall  f1-score   support

        [00]       0.90      0.93      0.91  24254732
     [01-03]       0.90      0.88      0.89  22612765
     [04-07]       0.86      0.86      0.86  12616230
     [08-14]       0.85      0.84      0.85   9428384
     [15-21]       0.88      0.87      0.87  10481858
       [22+]       0.85      0.77      0.81   1747060

    accuracy                           0.88  81141029
   macro avg       0.87      0.86      0.87  81141029
weighted avg       0.88      0.88      0.88  81141029
